%YAML:1.0
image_width: 640
image_height: 480
camera_matrix: !!opencv-matrix
   rows: 3
   cols: 3
   dt: d
   data: [ 575.8157348632812, 0.0, 314.5, 0.0, 575.8157348632812, 235.5, 0.0, 0.0, 1.0]
distortion_coefficients: !!opencv-matrix
   rows: 1
   cols: 5
   dt: d
   data: [ 0.0, 0.0, 0.0, 0.0, 0.0 ]
