X = -0.042612
Y = 1.4803
Z = 1.3444

QX = -0.332831
QY = 0.577856
QZ = 0.372121
QW = 0.645625
