%YAML:1.0
image_width: 640
image_height: 480
camera_matrix: !!opencv-matrix
   rows: 3
   cols: 3
   dt: d
   data: [ 5.1914016473372533e+002, 0., 3.1636700343463434e+002, 0.,
       5.1895999218830843e+002, 2.5072443412270945e+002, 0., 0., 1. ]
distortion_coefficients: !!opencv-matrix
   rows: 1
   cols: 5
   dt: d
   data: [ 5.6687893576087930e-002, -2.9937855462066637e-001,
       1.7227373926824853e-003, -1.7557477780992458e-003,
       3.4371080204173565e-001 ]
